%YAML:1.0
---
K: !!opencv-matrix
   rows: 3
   cols: 3
   dt: d
   data: [ 4.5721716720865027e+02, 0., 3.1254412916405875e+02, 0.,
       4.5717870504144014e+02, 2.2466574367837484e+02, 0., 0., 1. ]
D: !!opencv-matrix
   rows: 1
   cols: 5
   dt: d
   data: [ -5.3576362493592510e-02, -5.5498695895607832e-02,
       6.5580844177569948e-04, -3.9041478029688026e-05,
       6.0287874305239200e-02 ]
