%YAML:1.0
---
K: !!opencv-matrix
   rows: 3
   cols: 3
   dt: d
   data: [ 4.5521281961675749e+02, 0., 3.0144083947005151e+02, 0.,
       4.5492942708358726e+02, 2.2729193864943298e+02, 0., 0., 1. ]
D: !!opencv-matrix
   rows: 1
   cols: 5
   dt: d
   data: [ -5.1480916922626824e-02, -6.3234720597237476e-02,
       3.5381442657110123e-05, 1.0252836313378961e-03,
       8.0369915488612428e-02 ]
