%YAML:1.0
---
K1: !!opencv-matrix
   rows: 3
   cols: 3
   dt: d
   data: [ 4.5721716720865027e+02, 0., 3.1254412916405875e+02, 0.,
       4.5717870504144014e+02, 2.2466574367837484e+02, 0., 0., 1. ]
D1: !!opencv-matrix
   rows: 1
   cols: 5
   dt: d
   data: [ -5.3576362493592510e-02, -5.5498695895607832e-02,
       6.5580844177569948e-04, -3.9041478029688026e-05,
       6.0287874305239200e-02 ]
K2: !!opencv-matrix
   rows: 3
   cols: 3
   dt: d
   data: [ 4.5521281961675749e+02, 0., 3.0144083947005151e+02, 0.,
       4.5492942708358726e+02, 2.2729193864943298e+02, 0., 0., 1. ]
D2: !!opencv-matrix
   rows: 1
   cols: 5
   dt: d
   data: [ -5.1480916922626824e-02, -6.3234720597237476e-02,
       3.5381442657110123e-05, 1.0252836313378961e-03,
       8.0369915488612428e-02 ]
R: !!opencv-matrix
   rows: 3
   cols: 3
   dt: d
   data: [ 9.9998237188671657e-01, -8.7156565145177927e-04,
       -5.8733541636569958e-03, 9.2513441719407191e-04,
       9.9995794651789527e-01, 9.1241066425264226e-03,
       5.8651549107129738e-03, -9.1293794438220850e-03,
       9.9994112546131642e-01 ]
T: !!opencv-matrix
   rows: 3
   cols: 1
   dt: d
   data: [ -5.8837384161802814e-02, 1.2949862868248414e-04,
       -4.3170946032522635e-04 ]
E: !!opencv-matrix
   rows: 3
   cols: 3
   dt: d
   data: [ 1.1589187979228133e-06, 4.3050906332046512e-04,
       1.3342996766505519e-04, -8.6611477451850681e-05,
       -5.3677254235799947e-04, 5.8836455720509231e-02,
       -1.8392883497174084e-04, -5.8834796978364204e-02,
       -5.3607797634962380e-04 ]
F: !!opencv-matrix
   rows: 3
   cols: 3
   dt: d
   data: [ -5.5522602066109847e-09, -2.0626979556238737e-06,
       1.7287719391128305e-04, 4.1520512443263851e-07,
       2.5734402272884021e-06, -1.2966830945653518e-01,
       3.0842717288765233e-04, 1.2835914363054171e-01, 1. ]
R1: !!opencv-matrix
   rows: 3
   cols: 3
   dt: d
   data: [ 9.9999403056870217e-01, -3.1393245741994135e-03,
       1.4434223842700630e-03, 3.1327120838081542e-03,
       9.9998469257069256e-01, 4.5607827505055563e-03,
       -1.4577180665502087e-03, -4.5562336984810254e-03,
       9.9998855783079998e-01 ]
R2: !!opencv-matrix
   rows: 3
   cols: 3
   dt: d
   data: [ 9.9997066095724552e-01, -2.2008937202377872e-03,
       7.3371173877506812e-03, 2.2343174576254518e-03,
       9.9998715098027546e-01, -4.5503516183024242e-03,
       -7.3270082726830561e-03, 4.5666115648098403e-03,
       9.9996272980976053e-01 ]
P1: !!opencv-matrix
   rows: 3
   cols: 4
   dt: d
   data: [ 4.2461057811058083e+02, 0., 3.0660608863830566e+02, 0., 0.,
       4.2461057811058083e+02, 2.2485220146179199e+02, 0., 0., 0., 1.,
       0. ]
P2: !!opencv-matrix
   rows: 3
   cols: 4
   dt: d
   data: [ 4.2461057811058083e+02, 0., 3.0660608863830566e+02,
       -2.4983708701555180e+01, 0., 4.2461057811058083e+02,
       2.2485220146179199e+02, 0., 0., 0., 1., 0. ]
Q: !!opencv-matrix
   rows: 4
   cols: 4
   dt: d
   data: [ 1., 0., 0., -3.0660608863830566e+02, 0., 1., 0.,
       -2.2485220146179199e+02, 0., 0., 0., 4.2461057811058083e+02, 0.,
       0., 1.6995498273807112e+01, 0. ]
